2.00000 -1.74546 0.91101 0.73447 0.57003 
2.00204 -1.74417 0.91078 0.72736 0.38118 
2.00408 -1.74236 0.90982 0.73485 0.39684 
2.00612 -1.74109 0.90923 0.73509 0.40476 
2.00816 -1.73983 0.90868 0.74098 0.41054 
2.01020 -1.73807 0.90783 0.74578 0.41920 
2.01224 -1.73653 0.90714 0.74298 0.42161 
2.01429 -1.73495 0.90639 0.75436 0.43777 
2.01633 -1.73337 0.90560 0.75885 0.44526 
2.01837 -1.73193 0.90503 0.75869 0.43938 
2.02041 -1.73020 0.90418 0.76170 0.44503 
2.02245 -1.72869 0.90344 0.77381 0.46892 
2.02449 -1.72729 0.90285 0.77155 0.46301 
2.02653 -1.72555 0.90192 0.78001 0.47886 
2.02857 -1.72390 0.90105 0.78670 0.49848 
2.03061 -1.72242 0.90040 0.78633 0.49691 
2.03265 -1.72102 0.89984 0.79462 0.50040 
2.03469 -1.71938 0.89900 0.79316 0.50570 
2.03673 -1.71755 0.89811 0.79929 0.51224 
2.03878 -1.71600 0.89738 0.80543 0.52523 
2.04082 -1.71412 0.89638 0.81048 0.53975 
2.04286 -1.71251 0.89550 0.81422 0.55981 
2.04490 -1.71092 0.89500 0.81460 0.53703 
2.04694 -1.70916 0.89388 0.82462 0.57096 
2.04898 -1.70764 0.89306 0.82812 0.58666 
2.05102 -1.70594 0.89233 0.83426 0.59392 
2.05306 -1.70419 0.89150 0.83707 0.58522 
2.05510 -1.70229 0.89046 0.84298 0.60679 
2.05714 -1.70071 0.88950 0.85491 0.66290 
2.05918 -1.69918 0.88898 0.85166 0.63190 
2.06122 -1.69747 0.88817 0.85281 0.62584 
2.06327 -1.69559 0.88700 0.86655 0.66301 
2.06531 -1.69380 0.88614 0.86683 0.65827 
2.06735 -1.69191 0.88488 0.87667 0.72169 
2.06939 -1.69019 0.88422 0.87494 0.69253 
2.07143 -1.68866 0.88355 0.87907 0.69197 
2.07347 -1.68695 0.88267 0.88906 0.70471 
2.07551 -1.68437 0.88084 0.89953 0.77074 
2.07755 -1.68315 0.88047 0.89725 0.76362 
2.07959 -1.68135 0.87976 0.90148 0.73519 
2.08163 -1.67913 0.87822 0.91367 0.78336 
2.08367 -1.67725 0.87729 0.92373 0.79812 
2.08571 -1.67580 0.87660 0.91921 0.80190 
2.08776 -1.67379 0.87543 0.92198 0.82222 
2.08980 -1.67169 0.87435 0.93720 0.83124 
2.09184 -1.66948 0.87271 0.94532 0.95058 
2.09388 -1.66812 0.87236 0.93923 0.85793 
2.09592 -1.66596 0.87099 0.95254 0.91629 
2.09796 -1.66373 0.86964 0.95900 0.93771 
2.10000 -1.66212 0.86886 0.95685 0.92190 
