2.30000 -1.39371 0.63479 1.68063 7.99044 
2.30500 -1.38084 0.61870 1.72540 8.39937 
2.31000 -1.37966 0.62494 1.67284 7.71141 
2.31500 -1.37850 0.62938 1.60122 7.01417 
2.32000 -1.36033 0.59945 1.68319 8.17446 
2.32500 -1.35648 0.59559 1.68059 8.38463 
2.33000 -1.33760 0.56739 1.66683 9.04611 
2.33500 -1.33185 0.56302 1.65179 8.90279 
2.34000 -1.32682 0.56142 1.65516 8.74760 
2.34500 -1.32025 0.55302 1.59153 8.76847 
2.35000 -1.30875 0.53732 1.60771 9.06628 
2.35500 -1.30239 0.52829 1.60716 9.17674 
2.36000 -1.29717 0.52624 1.54866 8.83490 
2.36500 -1.29421 0.52945 1.56082 8.79639 
2.37000 -1.27921 0.50262 1.56546 9.29992 
2.37500 -1.27666 0.50279 1.50467 8.87880 
2.38000 -1.26522 0.48873 1.51648 9.00506 
2.38500 -1.25407 0.47224 1.45584 8.88646 
2.39000 -1.24894 0.46732 1.43641 8.92273 
2.39500 -1.24845 0.47188 1.45748 8.93451 
2.40000 -1.23829 0.45922 1.43613 8.92653 
