2.30000 -1.35494 0.40825 2.27310 107.48642 
2.30500 -1.34005 0.34831 2.01236 101.18166 
2.31000 -1.32698 0.28266 1.76835 92.48438 
2.31500 -1.32163 0.31466 1.88724 86.40810 
2.32000 -1.30622 0.21207 1.55485 61.90313 
2.32500 -1.30501 0.27446 1.67731 80.51447 
2.33000 -1.29325 0.22711 1.47045 59.82159 
2.33500 -1.28826 0.22130 1.50367 62.65819 
2.34000 -1.27960 0.20823 1.49771 64.43588 
2.34500 -1.27312 0.18982 1.44362 50.62748 
2.35000 -1.26709 0.20539 1.40663 49.90802 
2.35500 -1.25890 0.17798 1.28530 42.31944 
2.36000 -1.25480 0.19148 1.36557 47.27093 
2.36500 -1.24714 0.16635 1.33411 38.41381 
2.37000 -1.23907 0.15263 1.25956 37.19051 
2.37500 -1.23358 0.15456 1.22363 32.38490 
2.38000 -1.22681 0.14380 1.20059 27.87360 
2.38500 -1.22124 0.13039 1.18059 26.41803 
2.39000 -1.21399 0.11983 1.14927 21.39226 
2.39500 -1.20972 0.12797 1.12188 22.67132 
2.40000 -1.20503 0.13626 1.12087 24.98467 
