2.30000 -1.35990 0.46182 2.17976 62.46836 
2.30500 -1.34290 0.40451 2.05998 62.85442 
2.31000 -1.33212 0.38906 1.95964 58.07452 
2.31500 -1.32249 0.35448 1.86917 61.38513 
2.32000 -1.31933 0.36232 1.90407 57.13853 
2.32500 -1.31010 0.35139 1.82250 53.11754 
2.33000 -1.30038 0.31233 1.74083 57.38632 
2.33500 -1.29246 0.30069 1.64173 50.29886 
2.34000 -1.28443 0.28345 1.56662 47.53977 
2.34500 -1.27667 0.27457 1.54909 48.00852 
2.35000 -1.26988 0.27083 1.50643 43.03263 
2.35500 -1.26150 0.24866 1.39605 38.15886 
2.36000 -1.25345 0.20919 1.34074 31.75005 
2.36500 -1.24703 0.22103 1.30181 33.23699 
2.37000 -1.24044 0.21869 1.31281 31.45451 
2.37500 -1.23325 0.20041 1.25182 27.80245 
2.38000 -1.22863 0.19683 1.27292 29.76033 
2.38500 -1.22334 0.18911 1.20284 26.08406 
2.39000 -1.21436 0.16826 1.16361 23.56645 
2.39500 -1.21025 0.16918 1.15679 23.26349 
2.40000 -1.20529 0.16936 1.10380 21.53644 
