2.00000 -1.74431 0.90678 0.97248 9.29464 
2.00500 -1.74220 0.90988 0.72951 0.38666 
2.01000 -1.73855 0.90819 0.74319 0.41408 
2.01500 -1.73435 0.90619 0.75348 0.42810 
2.02000 -1.73048 0.90428 0.76308 0.44788 
2.02500 -1.72699 0.90282 0.75681 0.44656 
2.03000 -1.72322 0.90092 0.78439 0.49877 
2.03500 -1.71882 0.89874 0.79747 0.50618 
2.04000 -1.71499 0.89680 0.80578 0.52281 
2.04500 -1.71096 0.89484 0.81629 0.56054 
2.05000 -1.70655 0.89256 0.83398 0.60162 
2.05500 -1.70273 0.89087 0.84969 0.59355 
2.06000 -1.69855 0.88847 0.84288 0.63316 
2.06500 -1.69394 0.88636 0.86301 0.63870 
2.07000 -1.68949 0.88373 0.87730 0.70342 
2.07500 -1.68537 0.88160 0.89802 0.73285 
2.08000 -1.68054 0.87906 0.89903 0.76794 
2.08500 -1.67617 0.87664 0.91437 0.80867 
2.09000 -1.67171 0.87415 0.93162 0.86430 
2.09500 -1.66664 0.87119 0.95528 0.91550 
2.10000 -1.66268 0.86959 0.96674 0.87854 
