2.30000 -1.34842 0.34500 2.30420 163.22462 
2.30500 -1.33692 0.28184 1.80134 116.74001 
2.31000 -1.32862 0.26539 1.88112 136.76457 
2.31500 -1.31718 0.22680 1.75476 98.00240 
2.32000 -1.31223 0.24582 1.75495 108.38007 
2.32500 -1.30138 0.20579 1.58662 77.91640 
2.33000 -1.29611 0.20529 1.59645 83.90041 
2.33500 -1.28963 0.21549 1.62350 89.56871 
2.34000 -1.27873 0.15916 1.38003 49.86400 
2.34500 -1.27258 0.16381 1.39804 62.98620 
2.35000 -1.26562 0.15076 1.34603 50.59802 
2.35500 -1.25861 0.14410 1.28224 40.50471 
2.36000 -1.25147 0.11959 1.28927 31.76945 
2.36500 -1.24359 0.11690 1.27987 31.42248 
2.37000 -1.24015 0.13224 1.24475 37.75958 
2.37500 -1.23223 0.12316 1.25128 34.48828 
2.38000 -1.22688 0.11159 1.22973 30.84993 
2.38500 -1.22090 0.10301 1.20529 25.66877 
2.39000 -1.21588 0.10622 1.16503 27.09846 
2.39500 -1.20945 0.09508 1.13995 22.91749 
2.40000 -1.20384 0.10163 1.13605 23.79516 
