2.20000 -1.54543 0.77255 1.86424 41.14985 
2.20526 -1.53857 0.77591 1.45636 5.77233 
2.21053 -1.53081 0.76865 1.46818 5.93478 
2.21579 -1.52162 0.75571 1.62675 12.32353 
2.22105 -1.51408 0.74717 1.62951 12.22787 
2.22632 -1.50797 0.74617 1.62358 8.09293 
2.23158 -1.49920 0.73577 1.71268 10.77840 
2.23684 -1.48788 0.71641 1.71871 14.94429 
2.24211 -1.48340 0.71959 1.74540 11.83845 
2.24737 -1.46339 0.64649 2.35129 80.83905 
2.25263 -1.45921 0.67184 1.92482 25.93631 
2.25789 -1.44916 0.65396 2.11098 29.20742 
2.26316 -1.43532 0.61959 2.26112 53.04963 
2.26842 -1.41944 0.54996 2.41132 120.15017 
2.27368 -1.41636 0.58311 2.38410 71.42323 
2.27895 -1.39439 0.47708 2.54303 159.09268 
2.28421 -1.38214 0.44414 2.42697 149.30268 
2.28947 -1.37394 0.40680 2.39617 175.34419 
2.29474 -1.36006 0.36530 2.09329 144.38861 
2.30000 -1.35173 0.35988 2.34699 166.56472 
