2.20000 -1.54632 0.78531 1.36173 3.32305 
2.20526 -1.54202 0.78259 1.37831 3.65034 
2.21053 -1.53046 0.77261 1.41652 3.72033 
2.21579 -1.53187 0.78020 1.34277 2.99356 
2.22105 -1.52055 0.76496 1.43947 4.07735 
2.22632 -1.50832 0.75341 1.46645 4.41673 
2.23158 -1.50206 0.74923 1.47835 4.32955 
2.23684 -1.50036 0.75159 1.43430 4.06108 
2.24211 -1.47858 0.72174 1.59023 5.66631 
2.24737 -1.47810 0.72132 1.58148 5.72847 
2.25263 -1.47149 0.72430 1.51616 4.88398 
2.25789 -1.46606 0.71686 1.57995 5.36337 
2.26316 -1.45095 0.69790 1.59821 5.98784 
2.26842 -1.44241 0.68679 1.66698 6.58604 
2.27368 -1.43346 0.67626 1.65778 6.85000 
2.27895 -1.43716 0.68957 1.57766 5.91247 
2.28421 -1.42356 0.67329 1.60652 6.64543 
2.28947 -1.41174 0.65534 1.65506 7.13187 
2.29474 -1.40524 0.65183 1.63110 6.97865 
2.30000 -1.39560 0.64024 1.68003 7.58537 
