2.40000 -1.20637 0.18702 1.16863 23.31824 
2.40500 -1.19897 0.15601 1.08461 19.13747 
2.41000 -1.19380 0.16553 1.10773 20.82981 
2.41500 -1.18703 0.15017 1.07480 16.99975 
2.42000 -1.18144 0.15140 1.06572 16.94051 
2.42500 -1.17550 0.14087 1.02771 15.33038 
2.43000 -1.17160 0.14140 1.00465 15.41422 
2.43500 -1.16626 0.13144 1.00624 13.72939 
2.44000 -1.16171 0.13130 0.99267 13.87096 
2.44500 -1.15806 0.13558 1.02712 14.56041 
2.45000 -1.15307 0.12927 0.96646 13.81632 
2.45500 -1.14623 0.12413 0.94179 12.38694 
2.46000 -1.14257 0.12315 0.96232 12.07377 
2.46500 -1.13742 0.11521 0.93626 10.74062 
2.47000 -1.13356 0.11530 0.91919 10.32695 
2.47500 -1.12810 0.11419 0.91994 10.31410 
2.48000 -1.12367 0.10848 0.90582 9.60050 
2.48500 -1.11828 0.10933 0.88135 9.67705 
2.49000 -1.11534 0.10904 0.88009 9.37033 
2.49500 -1.10986 0.10851 0.88339 9.30865 
2.50000 -1.10556 0.10151 0.86640 8.47008 
