2.20000 -1.54334 0.77594 1.54580 8.50814 
2.20526 -1.53709 0.77469 1.49798 6.27432 
2.21053 -1.53136 0.77134 1.45257 4.96553 
2.21579 -1.52525 0.76680 1.47147 5.31016 
2.22105 -1.51529 0.75438 1.56794 7.23769 
2.22632 -1.50792 0.74459 1.62459 8.98759 
2.23158 -1.49654 0.72962 1.70577 11.63300 
2.23684 -1.48524 0.70279 1.92620 23.32329 
2.24211 -1.47613 0.69401 1.94235 22.00784 
2.24737 -1.46942 0.69213 1.86357 17.16573 
2.25263 -1.45897 0.67319 2.04795 25.83917 
2.25789 -1.44350 0.62549 2.22707 46.49942 
2.26316 -1.44212 0.64890 2.01380 27.58323 
2.26842 -1.41985 0.57429 2.31162 59.33086 
2.27368 -1.40881 0.55116 2.29497 57.51419 
2.27895 -1.39799 0.53474 2.31546 60.10072 
2.28421 -1.39409 0.55164 2.07230 45.25980 
2.28947 -1.37556 0.48271 2.27711 63.77984 
2.29474 -1.37306 0.50543 2.30773 55.41246 
2.30000 -1.35737 0.44747 2.10312 60.96642 
