2.40000 -1.23632 0.45379 1.37440 8.56720 
2.40500 -1.23053 0.44552 1.37873 8.80798 
2.41000 -1.23026 0.45275 1.38146 8.63136 
2.41500 -1.21262 0.42040 1.30691 8.40508 
2.42000 -1.21631 0.43951 1.33903 8.28505 
2.42500 -1.20248 0.41010 1.29135 8.37425 
2.43000 -1.19674 0.40759 1.26931 8.17840 
2.43500 -1.19025 0.40097 1.26124 8.24529 
2.44000 -1.18172 0.38428 1.20808 7.99960 
2.44500 -1.18396 0.39484 1.27904 8.17397 
2.45000 -1.17678 0.38981 1.21115 7.89123 
2.45500 -1.16330 0.36502 1.13256 7.52655 
2.46000 -1.16172 0.36991 1.14124 7.49663 
2.46500 -1.15441 0.35680 1.13154 7.48144 
2.47000 -1.14832 0.35199 1.11249 7.34424 
2.47500 -1.13941 0.33365 1.06750 7.08329 
2.48000 -1.14247 0.34761 1.09715 7.23121 
2.48500 -1.13483 0.33766 1.05638 6.92271 
2.49000 -1.12489 0.32003 1.00468 6.61977 
2.49500 -1.12101 0.32193 0.98759 6.53859 
2.50000 -1.11842 0.31777 1.01396 6.71011 
