2.10000 -1.66151 0.86819 0.97005 1.01365 
2.10204 -1.66050 0.86789 0.96375 0.97456 
2.10408 -1.65784 0.86598 0.97577 1.07591 
2.10612 -1.65595 0.86508 0.97744 1.01803 
2.10816 -1.65414 0.86406 0.98636 1.04877 
2.11020 -1.65216 0.86296 0.99948 1.07095 
2.11224 -1.65002 0.86178 0.99535 1.08217 
2.11429 -1.64765 0.86001 1.00992 1.15014 
2.11633 -1.64567 0.85887 1.01576 1.18715 
2.11837 -1.64347 0.85745 1.02808 1.21098 
2.12041 -1.64200 0.85684 1.02563 1.20525 
2.12245 -1.63981 0.85569 1.03006 1.21379 
2.12449 -1.63766 0.85430 1.03027 1.22845 
2.12653 -1.63573 0.85336 1.03610 1.21163 
2.12857 -1.63331 0.85155 1.05293 1.31356 
2.13061 -1.63116 0.84980 1.07079 1.48429 
2.13265 -1.62877 0.84845 1.07096 1.39187 
2.13469 -1.62749 0.84805 1.07074 1.35926 
2.13673 -1.62453 0.84563 1.09033 1.50521 
2.13878 -1.62227 0.84390 1.09788 1.76436 
2.14082 -1.62064 0.84337 1.10127 1.56208 
2.14286 -1.61826 0.84177 1.10216 1.57029 
2.14490 -1.61486 0.83851 1.13228 2.09433 
2.14694 -1.61367 0.83885 1.11675 1.61505 
2.14898 -1.61134 0.83666 1.13468 1.99128 
2.15102 -1.60881 0.83548 1.13499 1.72946 
2.15306 -1.60634 0.83350 1.15214 1.88535 
2.15510 -1.60426 0.83226 1.15714 1.86748 
2.15714 -1.60168 0.83005 1.17073 2.06838 
2.15918 -1.59970 0.82941 1.17147 1.93317 
2.16122 -1.59712 0.82718 1.17910 2.04813 
2.16327 -1.59445 0.82526 1.20043 2.13658 
2.16531 -1.59139 0.82250 1.20999 2.27400 
2.16735 -1.58915 0.81982 1.24104 2.82866 
2.16939 -1.58714 0.81942 1.22514 2.37004 
2.17143 -1.58451 0.81750 1.22430 2.55305 
2.17347 -1.58211 0.81585 1.23784 2.53926 
2.17551 -1.57883 0.81221 1.27865 2.94135 
2.17755 -1.57647 0.81082 1.26922 2.96936 
2.17959 -1.57413 0.80888 1.29502 3.31237 
2.18163 -1.57133 0.80648 1.29353 3.20678 
2.18367 -1.56929 0.80551 1.30086 3.01097 
2.18571 -1.56537 0.80145 1.32515 3.42477 
2.18776 -1.56286 0.79921 1.32814 3.56599 
2.18980 -1.56028 0.79712 1.34158 3.76033 
2.19184 -1.55818 0.79608 1.34339 3.74104 
2.19388 -1.55534 0.79341 1.36510 3.95657 
2.19592 -1.55183 0.78812 1.41622 5.09830 
2.19796 -1.54829 0.78473 1.43125 5.24492 
2.20000 -1.54660 0.78446 1.40805 4.98729 
