2.20000 -1.54700 0.78611 1.40324 4.35358 
2.20208 -1.54217 0.77955 1.43150 5.10071 
2.20417 -1.54159 0.78166 1.41583 4.49283 
2.20625 -1.53727 0.77567 1.46052 5.32595 
2.20833 -1.53461 0.77337 1.47966 5.80065 
2.21042 -1.53066 0.76771 1.50323 6.62941 
2.21250 -1.52666 0.76320 1.53531 7.11038 
2.21458 -1.52619 0.76651 1.47905 5.53134 
2.21667 -1.52194 0.76040 1.53727 6.73725 
2.21875 -1.51893 0.75728 1.53679 6.72673 
2.22083 -1.51525 0.75244 1.56335 7.61878 
2.22292 -1.51223 0.74853 1.58841 8.34614 
2.22500 -1.50866 0.74478 1.61070 8.67507 
2.22708 -1.50478 0.73919 1.63697 9.19712 
2.22917 -1.50259 0.73909 1.62487 8.73924 
2.23125 -1.49793 0.73068 1.67628 10.77121 
2.23333 -1.49442 0.72832 1.68049 10.18400 
2.23542 -1.49283 0.72836 1.67569 9.81524 
2.23750 -1.48818 0.71864 1.73754 12.19306 
2.23958 -1.48469 0.71567 1.72968 11.50739 
2.24167 -1.48173 0.71563 1.69552 10.36733 
2.24375 -1.47639 0.70134 1.80487 14.53749 
2.24583 -1.47358 0.70107 1.78829 13.28647 
2.24792 -1.46829 0.69199 1.82430 14.62955 
2.25000 -1.46468 0.68726 1.83717 15.18132 
2.25208 -1.45985 0.67898 1.89074 16.36373 
2.25417 -1.45962 0.68405 1.81958 14.68692 
2.25625 -1.45497 0.67558 1.84917 16.45515 
2.25833 -1.44897 0.66362 1.90276 18.19743 
2.26042 -1.44611 0.66385 1.88431 16.79779 
2.26250 -1.44319 0.65754 1.89050 18.21714 
2.26458 -1.43878 0.65119 1.90908 18.75400 
2.26667 -1.43308 0.63624 2.00136 22.09374 
2.26875 -1.43039 0.63771 1.94107 20.18275 
2.27083 -1.42382 0.62239 1.99519 22.31496 
2.27292 -1.42216 0.62288 1.98408 22.28770 
2.27500 -1.42119 0.62662 1.94361 20.41928 
2.27708 -1.41429 0.61132 1.98982 23.12965 
2.27917 -1.40817 0.59977 2.00557 24.19934 
2.28125 -1.40790 0.60626 1.97051 21.53925 
2.28333 -1.40004 0.58408 2.03453 25.84036 
2.28542 -1.39752 0.58105 2.04566 25.90809 
2.28750 -1.39418 0.57584 2.00749 26.32026 
2.28958 -1.38779 0.56394 2.02866 27.09655 
2.29167 -1.38478 0.55850 2.02868 27.81397 
2.29375 -1.38017 0.55033 2.01657 27.75012 
2.29583 -1.37509 0.53939 2.00586 28.60598 
2.29792 -1.37217 0.53594 1.97204 28.40694 
2.30000 -1.36681 0.52682 1.98402 28.87887 
