2.30000 -1.36898 0.53077 1.97208 28.27425 
2.30500 -1.35758 0.50153 2.02948 32.70548 
2.31000 -1.35072 0.50111 1.94942 30.53172 
2.31500 -1.33708 0.46634 1.86499 31.87211 
2.32000 -1.32241 0.43026 1.87650 32.57181 
2.32500 -1.32056 0.44189 1.85207 31.48245 
2.33000 -1.30970 0.41850 1.83417 30.98398 
2.33500 -1.30493 0.41676 1.73352 29.93981 
2.34000 -1.29155 0.38724 1.66407 29.14697 
2.34500 -1.28201 0.36681 1.63863 27.76557 
2.35000 -1.28078 0.38009 1.60402 27.41105 
2.35500 -1.26758 0.33681 1.53693 27.05653 
2.36000 -1.25945 0.32098 1.45918 25.54443 
2.36500 -1.25366 0.32137 1.47067 25.36891 
2.37000 -1.24572 0.30735 1.40765 24.19912 
2.37500 -1.24314 0.30994 1.41784 24.77362 
2.38000 -1.23648 0.30558 1.39268 23.30767 
2.38500 -1.22680 0.28209 1.30145 21.10873 
2.39000 -1.22057 0.27269 1.27400 21.12453 
2.39500 -1.21264 0.25617 1.24048 20.08837 
2.40000 -1.20394 0.23830 1.16372 17.75000 
