2.00000 -1.74398 0.90451 1.22818 14.73380 
2.00500 -1.74155 0.90941 0.72500 0.39560 
2.01000 -1.73816 0.90796 0.74385 0.41597 
2.01500 -1.73447 0.90626 0.75918 0.42719 
2.02000 -1.73044 0.90411 0.76973 0.47037 
2.02500 -1.72660 0.90243 0.78279 0.48812 
2.03000 -1.72307 0.90086 0.77489 0.47851 
2.03500 -1.71922 0.89901 0.80010 0.49895 
2.04000 -1.71481 0.89683 0.80813 0.52564 
2.04500 -1.71134 0.89534 0.80712 0.51835 
2.05000 -1.70720 0.89327 0.81794 0.54143 
2.05500 -1.70266 0.89067 0.83959 0.60262 
2.06000 -1.69839 0.88846 0.85649 0.64675 
2.06500 -1.69386 0.88605 0.87096 0.66414 
2.07000 -1.68922 0.88362 0.88841 0.70825 
2.07500 -1.68546 0.88168 0.88220 0.71695 
2.08000 -1.68115 0.87937 0.88783 0.80515 
2.08500 -1.67637 0.87697 0.91190 0.75054 
2.09000 -1.67189 0.87464 0.92190 0.80084 
2.09500 -1.66699 0.87175 0.93062 0.88861 
2.10000 -1.66258 0.86927 0.96275 0.92161 
