2.10000 -1.66130 0.86420 1.10142 5.86440 
2.10500 -1.65715 0.86602 0.98008 0.95954 
2.11000 -1.65256 0.86371 0.97920 0.97798 
2.11500 -1.64742 0.86009 1.00650 1.09043 
2.12000 -1.64171 0.85617 1.04736 1.27013 
2.12500 -1.63721 0.85402 1.05652 1.26604 
2.13000 -1.63134 0.85025 1.07207 1.36654 
2.13500 -1.62617 0.84646 1.07423 1.51147 
2.14000 -1.62050 0.84287 1.11183 1.54226 
2.14500 -1.61507 0.83846 1.16267 2.27555 
2.15000 -1.60930 0.83566 1.13513 1.82602 
2.15500 -1.60392 0.83202 1.17117 1.80545 
2.16000 -1.59888 0.82883 1.19175 1.99443 
2.16500 -1.59247 0.82357 1.21359 2.25495 
2.17000 -1.58455 0.81604 1.26107 2.76261 
2.17500 -1.57945 0.81412 1.24995 2.43386 
2.18000 -1.57293 0.80697 1.28385 3.52306 
2.18500 -1.56721 0.80434 1.31437 2.97354 
2.19000 -1.55866 0.79471 1.35531 3.89368 
2.19500 -1.55324 0.79215 1.34549 3.41677 
2.20000 -1.54449 0.77983 1.45273 6.21376 
