2.10000 -1.66058 0.86438 1.21840 6.76625 
2.10500 -1.65731 0.86572 0.97008 1.02399 
2.11000 -1.65306 0.86376 0.97990 1.00563 
2.11500 -1.64743 0.86028 1.00281 1.07262 
2.12000 -1.64255 0.85722 1.02788 1.20116 
2.12500 -1.63710 0.85378 1.04393 1.25660 
2.13000 -1.63117 0.84960 1.05489 1.59810 
2.13500 -1.62720 0.84824 1.07619 1.35498 
2.14000 -1.62133 0.84343 1.09379 1.50241 
2.14500 -1.61500 0.83960 1.11092 1.56251 
2.15000 -1.60948 0.83578 1.14715 1.76760 
2.15500 -1.60429 0.83275 1.14054 1.75061 
2.16000 -1.59773 0.82655 1.20288 2.24688 
2.16500 -1.59303 0.82489 1.19757 2.01707 
2.17000 -1.58530 0.81684 1.25439 2.82149 
2.17500 -1.57930 0.81237 1.28984 2.97427 
2.18000 -1.57375 0.80916 1.27848 2.78814 
2.18500 -1.56686 0.80242 1.31296 3.43241 
2.19000 -1.56061 0.79846 1.30656 3.14242 
2.19500 -1.55342 0.79189 1.36462 3.64502 
2.20000 -1.54702 0.78540 1.39116 4.58135 
