2.20000 -1.54702 0.78601 1.54061 6.06413 
2.20526 -1.53744 0.77419 1.44893 5.75731 
2.21053 -1.53125 0.76989 1.50766 6.15934 
2.21579 -1.52422 0.76369 1.58418 7.36325 
2.22105 -1.51703 0.75716 1.51710 7.03099 
2.22632 -1.50753 0.74724 1.56109 6.86601 
2.23158 -1.49760 0.73238 1.61059 8.81905 
2.23684 -1.49059 0.72365 1.71247 12.68038 
2.24211 -1.48236 0.71692 1.70193 11.61325 
2.24737 -1.46998 0.69350 1.91912 19.65515 
2.25263 -1.46030 0.67742 1.87419 19.25406 
2.25789 -1.44423 0.62682 2.22141 51.17802 
2.26316 -1.44007 0.64314 2.00241 29.65338 
2.26842 -1.42310 0.58860 2.26593 68.51682 
2.27368 -1.41247 0.55563 2.42621 87.28915 
2.27895 -1.39168 0.47092 2.33329 109.29821 
2.28421 -1.38278 0.46351 2.34447 105.38225 
2.28947 -1.36801 0.41636 2.20280 103.95305 
2.29474 -1.35918 0.39360 2.19310 103.93100 
2.30000 -1.35343 0.39916 2.07267 99.54809 
