2.00000 -1.74154 0.88598 1.21595 34.18159 
2.00500 -1.74161 0.90946 0.73648 0.39979 
2.01000 -1.73836 0.90814 0.74425 0.40502 
2.01500 -1.73461 0.90619 0.75759 0.43830 
2.02000 -1.73095 0.90464 0.75620 0.44016 
2.02500 -1.72653 0.90245 0.78555 0.47914 
2.03000 -1.72275 0.90065 0.78448 0.48612 
2.03500 -1.71889 0.89873 0.78970 0.51027 
2.04000 -1.71460 0.89650 0.80546 0.53842 
2.04500 -1.71103 0.89491 0.80857 0.55081 
2.05000 -1.70678 0.89300 0.81917 0.55366 
2.05500 -1.70233 0.89025 0.84351 0.61601 
2.06000 -1.69841 0.88881 0.85626 0.61126 
2.06500 -1.69365 0.88610 0.86369 0.65817 
2.07000 -1.68980 0.88366 0.89744 0.80894 
2.07500 -1.68506 0.88171 0.88894 0.69406 
2.08000 -1.68013 0.87846 0.91111 0.78924 
2.08500 -1.67676 0.87734 0.91178 0.76263 
2.09000 -1.67188 0.87418 0.94756 0.86575 
2.09500 -1.66697 0.87167 0.94886 0.88569 
2.10000 -1.66213 0.86880 0.95016 0.92482 
