2.40000 -1.20280 0.12425 1.15039 22.97896 
2.40500 -1.19904 0.12660 1.13105 23.44215 
2.41000 -1.19242 0.11544 1.06993 18.50264 
2.41500 -1.18838 0.12256 1.06587 20.20282 
2.42000 -1.18186 0.11047 1.04685 16.87791 
2.42500 -1.17693 0.10406 1.01556 16.19670 
2.43000 -1.17320 0.10163 1.02890 15.85900 
2.43500 -1.16692 0.10436 1.02050 16.01522 
2.44000 -1.16154 0.09978 1.00015 14.68389 
2.44500 -1.15612 0.09757 0.96560 12.89240 
2.45000 -1.15088 0.09133 0.96105 12.06467 
2.45500 -1.14844 0.09591 0.96890 14.18519 
2.46000 -1.14183 0.09137 0.96562 11.87074 
2.46500 -1.13706 0.08998 0.93553 12.08347 
2.47000 -1.13271 0.08815 0.91119 11.26893 
2.47500 -1.12854 0.08960 0.92889 12.54106 
2.48000 -1.12348 0.08454 0.90017 10.65187 
2.48500 -1.11942 0.08421 0.90829 9.67357 
2.49000 -1.11482 0.07713 0.87994 8.97975 
2.49500 -1.10996 0.08121 0.88160 9.68488 
2.50000 -1.10598 0.07959 0.84559 9.10264 
