2.10000 -1.66113 0.86795 0.98340 0.98899 
2.10500 -1.65840 0.86787 0.94503 0.83175 
2.11000 -1.65371 0.86401 0.97650 1.02591 
2.11500 -1.64636 0.85940 1.01313 1.07084 
2.12000 -1.64181 0.85536 1.05613 1.41418 
2.12500 -1.63733 0.85478 1.02334 1.12804 
2.13000 -1.63378 0.85331 1.03097 1.12285 
2.13500 -1.62844 0.84908 1.05766 1.34948 
2.14000 -1.62126 0.84433 1.08605 1.40726 
2.14500 -1.61731 0.84337 1.06900 1.26520 
2.15000 -1.61146 0.83811 1.12704 1.58239 
2.15500 -1.60507 0.83323 1.13555 1.73740 
2.16000 -1.59857 0.82576 1.20475 2.31655 
2.16500 -1.58978 0.82182 1.21265 1.93236 
2.17000 -1.58862 0.82165 1.17147 1.99938 
2.17500 -1.57815 0.81282 1.25049 2.39978 
2.18000 -1.57852 0.81640 1.20933 1.92220 
2.18500 -1.56796 0.80819 1.25164 2.13605 
2.19000 -1.56125 0.79975 1.26877 2.70414 
2.19500 -1.55522 0.79733 1.28257 2.51654 
2.20000 -1.54325 0.78286 1.37793 3.58592 
