2.00000 -1.74570 0.91133 0.73849 0.42346 
2.00500 -1.74225 0.90964 0.73814 0.40785 
2.01000 -1.73793 0.90762 0.74326 0.41526 
2.01500 -1.73304 0.90534 0.75059 0.42431 
2.02000 -1.72991 0.90383 0.76904 0.45617 
2.02500 -1.72664 0.90245 0.78249 0.49889 
2.03000 -1.72144 0.89956 0.80240 0.51792 
2.03500 -1.71710 0.89713 0.82305 0.57513 
2.04000 -1.71337 0.89481 0.84029 0.70026 
2.04500 -1.70922 0.89372 0.83377 0.56935 
2.05000 -1.70724 0.89333 0.83304 0.53735 
2.05500 -1.70281 0.89113 0.84012 0.55150 
2.06000 -1.69714 0.88799 0.85629 0.61524 
2.06500 -1.69362 0.88624 0.86084 0.61376 
2.07000 -1.68820 0.88315 0.87495 0.65995 
2.07500 -1.68729 0.88404 0.85806 0.59089 
2.08000 -1.67894 0.87691 0.94126 0.87757 
2.08500 -1.67658 0.87703 0.90450 0.75338 
2.09000 -1.67497 0.87637 0.92030 0.87600 
2.09500 -1.66670 0.87204 0.93996 0.78381 
2.10000 -1.66156 0.86827 0.96355 0.93678 
