2.10000 -1.65504 0.80472 2.18783 207.43016 
2.10500 -1.65695 0.86586 0.97191 0.98877 
2.11000 -1.65215 0.86279 1.00347 1.10034 
2.11500 -1.64724 0.85993 1.01589 1.16686 
2.12000 -1.64208 0.85665 1.03551 1.20894 
2.12500 -1.63699 0.85367 1.04938 1.25488 
2.13000 -1.63177 0.85051 1.07004 1.38789 
2.13500 -1.62614 0.84632 1.10604 1.61543 
2.14000 -1.62132 0.84420 1.08504 1.45332 
2.14500 -1.61572 0.84041 1.09205 1.57443 
2.15000 -1.60982 0.83578 1.11635 1.74348 
2.15500 -1.60442 0.83240 1.15947 1.82314 
2.16000 -1.59795 0.82762 1.17958 2.06217 
2.16500 -1.59230 0.82385 1.16807 2.00900 
2.17000 -1.58576 0.81846 1.25043 2.43742 
2.17500 -1.58037 0.81480 1.23942 2.53249 
2.18000 -1.57307 0.80715 1.29357 3.45536 
2.18500 -1.56657 0.80308 1.30631 3.07060 
2.19000 -1.55939 0.79590 1.34668 4.27335 
2.19500 -1.55380 0.79179 1.36862 4.13959 
2.20000 -1.54606 0.78403 1.45471 4.99396 
