2.40000 -1.20742 0.26076 1.23536 18.87046 
2.40500 -1.20037 0.24100 1.17213 17.94314 
2.41000 -1.19407 0.24653 1.13392 16.46042 
2.41500 -1.19027 0.23745 1.10985 16.21344 
2.42000 -1.18378 0.22187 1.11964 16.15267 
2.42500 -1.17888 0.21941 1.10979 15.66821 
2.43000 -1.17259 0.20328 1.04505 13.44835 
2.43500 -1.17051 0.21351 1.07005 14.74748 
2.44000 -1.16294 0.20531 1.05421 13.09098 
2.44500 -1.15821 0.20331 1.01575 13.25931 
2.45000 -1.15281 0.19815 0.99009 12.18008 
2.45500 -1.14776 0.19134 0.97210 12.01266 
2.46000 -1.14364 0.19175 0.97705 11.58013 
2.46500 -1.13760 0.18140 0.95483 11.15768 
2.47000 -1.13148 0.17144 0.92369 9.92699 
2.47500 -1.12846 0.17341 0.93375 10.18359 
2.48000 -1.12302 0.17073 0.92656 9.91206 
2.48500 -1.11961 0.16911 0.90056 9.44493 
2.49000 -1.11477 0.16478 0.89312 9.32783 
2.49500 -1.11100 0.16307 0.86835 8.70783 
2.50000 -1.10571 0.15805 0.86330 8.68552 
